152.5091711956522
199.7238451086957
173.2473958333333
204.642040307971
237.1021286231884
277.4313292572464
277.4313292572464
209.5602355072464
277.4313292572464
235.1675724637681
323.1705446608696
396.2221043050725
415.1080729166667
354.1551743659421
345.4660326086956
328.7605298913044
332.6296422101449
357.1551743659421
286.7759001862319
248.7094655797101
233.1675724637681
242.1021286231884
448.0431244086957
447.2399513637681
244.5720774683039
244.4574546799852
217.4558374442096
221.5030810370887
332.3039344631919
321.6847935259545
293.8532305571222
276.9441739694904
273.9365465757871
373.1939203354298
258.0690196078431
220.7618083670715
274.0185185185185
232.5844444444444
198.6150647759104
192.8641364769024
203.1437519452225
344.2420489650911
282.7997198879552
201.4835144927536
202.23668261563
